808115
298107
941540
673194
79005
822202
925691
940263
243892
931500
40763
60720
817726
884073
844530
515544
180275
985154
547535
131794
899644
522427
469260
229751
466330
543075
738298
668316
267087
498703
595459
885617
639814
439338
921768
256912
37245
369364
205116
308770
717557
812504
98391
341553
72488
468160
94427
684421
905443
474562
371808
609046
962597
909510
704396
908338
667332
882276
485733
418814
300128
799585
684657
517125
87384
806297
531797
209427
844107
84650
657714
36522
430211
454964
748173
328493
887928
310464
21536
375349
890204
385926
257304
500584
20018
756346
73792
8119
189743
549053
353453
817034
335706
462522
792259
171046
119573
30943
925159
23609
337070
741863
191945
748776
129673
315400
744857
589715
5055
428876
187946
102183
898321
74635
781023
834610
715063
461570
942024
913936
600318
128192
422609
953493
247533
455887
754341
650437
365305
461083
789575
906064
838792
364597
430903
251540
496960
610753
738325
679085
883854
246551
947988
80038
199343
635282
823653
609511
656095
450744
680494
376009
457280
634629
95174
550415
594308
973589
741751
421357
469733
48638
232079
457060
833683
474411
246575
576249
830721
65021
769568
471145
670450
77712
901843
708307
253185
733745
405392
461869
209937
886208
193634
266123
825100
154903
675065
26276
458972
891555
508825
751221
469280
733377
391597
302657
30255
565861
402896
426595
447392
762050
82882
582579
268725
326702
161336
979886
284740
831191
816707
453841
797924
544691
267159
440893
739222
406690
110369
146982
635568
905312
520784
427079
221798
948217
151933
722467
123867
150330
717620
397566
516039
752051
24817
271000
303050
531553
1418
138526
787862
357793
105117
729337
466293
853795
335805
888313
955681
300801
851619
426907
759721
550425
394306
946864
686649
408846
28830
713296
826827
334816
651126
673042
36853
128847
479087
382626
192942
327585
103252
258777
451699
899612
454187
48546
325653
656975
330778
750099
837666
646727
580130
482950
23196
673707
647107
605931
6490
375917
579989
465632
5069
588009
878832
786284
64758
349827
79717
372144
802124
66493
766925
490786
573943
948097
697122
295932
209992
760129
186036
417185
813924
710126
990033
981540
116755
434410
637479
945253
976250
921730
684720
381562
9913
590064
528243
585127
385275
271572
765855
945444
723122
965466
128616
38836
529368
619631
700361
406683
783337
577957
620008
275972
578034
493403
650307
796136
527636
104049
611028
939683
914275
161071
36242
392757
934420
79147
857451
6413
552309
442276
736811
967444
235949
472732
438175
221357
687806
265098
79771
721888
16245
779882
724474
324923
324909
636984
90230
481901
836443
75756
476637
822071
538314
998099
836992
944064
123551
824162
455141
746912
963092
272403
689544
173659
265445
502017
597933
387306
776015
173971
649567
664479
592468
632067
804481
1
644540
378484
441435
89789
432674
270672
960411
860367
471677
372402
353709
842645
740280
525632
766223
120052
898500
642369
229247
843356
344531
293114
92287
755320
650916
99374
688135
57373
825398
344854
58734
533863
457109
391206
673036
974390
305940
145857
359891
810263
269666
630701
630563
924044
827482
540199
700623
866577
11673
623511
292355
715661
157886
534989
64360
227042
566471
201185
760585
85882
503329
139453
889030
202651
850650
58847
671833
995795
10258
907310
327957
589363
150323
322366
823366
920921
963976
778092
334868
30482
888336
197532
445067
855155
47168
879882
246350
167618
997307
27722
940611
467920
833283
795986
721538
439818
197241
530237
357362
372011
741315
538419
611358
804278
492217
454433
930580
711718
419925
47069
588933
72311
93052
501379
345328
181600
754856
269964
952153
546582
657047
437299
187083
93797
445055
590068
23428
792682
138945
764021
572409
277185
108688
155116
426137
229561
167023
702757
75847
237556
36167
660077
732112
347568
926367
513479
460111
189722
710242
470831
917649
250077
289153
184518
739421
90220
774578
754668
164230
734335
21995
178959
989129
649745
202374
615001
865370
777619
977852
39147
537948
864641
870342
435415
874040
368127
885295
457048
802826
99684
641122
33940
30842
188596
758142
971045
667312
694864
748389
28474
443509
881033
77925
846018
136853
149026
47337
449103
167982
385770
462607
742203
300598
770845
259682
931572
426066
908011
762337
9220
200766
144608
752207
882740
981052
286259
795747
608025
551193
88327
742601
646829
157354
990509
831143
470041
723050
408889
340801
208554
346295
606097
182158
922478
503025
975289
893584
115797
121943
631020
916685
564159
237247
559380
362955
779420
74361
138973
405121
454368
631813
144925
659012
80596
8854
342072
123443
301767
543733
996496
349622
805109
849182
345044
442773
275550
152039
82995
586300
912602
91707
909496
879151
252924
559249
381436
583190
818301
104308
160569
180685
621642
699554
598066
942816
839374
402777
298309
616283
276301
552451
352166
163826
194547
528483
54977
508203
21910
483397
442710
647914
904607
1542
622686
241867
213539
499563
12047
653677
651282
319781
425841
68352
441219
205542
833783
599348
774938
93484
606155
300997
945475
852437
71804
7803
251175
600330
622367
526841
15894
17268
744355
15011
998917
710623
599888
532433
846414
120224
930319
467053
796995
237635
704804
142910
661406
87966
997077
149350
919138
164404
117376
848334
960083
480389
446035
454254
327538
899699
424266
82244
141336
882137
791095
865828
216148
83683
350509
511925
168458
593338
827147
112471
187677
46489
551807
670420
702879
181137
345212
69374
785729
764791
997092
214171
915275
198283
111676
647395
747228
954195
820207
538542
851247
477655
475045
630874
166177
197363
875076
502574
736163
774233
66779
42864
306523
274708
431303
336323
439345
806811
226108
472836
346916
376008
100859
487111
854394
29577
758361
931330
562336
40429
11959
76127
834021
299710
115767
321724
146192
202544
646620
568703
546653
177019
455789
466667
813438
423008
810962
885041
758666
304634
343696
904999
62718
657189
771805
463624
579093
798262
944104
700815
410182
452139
721025
43667
845472
135607
804217
1694
188758
14810
745538
404978
675722
5749
823666
778308
537223
351944
865324
461496
16414
304551
884812
819989
28486
125238
426457
205138
645964
237111
533829
77827
625265
381308
567360
630096
798694
244908
580579
882189
333242
512445
926179
446978
615044
506317
168060
840572
203268
946659
510752
537725
681457
626677
917118
892908
40760
870408
257235
631768
690438
396592
914185
323390
214075
801553
26083
814682
902282
904615
542856
513440
25336
67697
314395
841060
98614
312106
72704
565755
824918
487231
291301
696684
224386
444910
992740
473217
144833
801426
266162
527019
50968
661657
528168
86000
824191
704889
607990
264099
603314
890893
155127
391940
237962
302475
585498
562588
990745
280888
479351
300396
32199
697115
393839
309179
568897
595850
626711
54780
782976
657057
803968
406105
170403
714658
868313
626596
519266
707564
674763
300283
719884
520407
727056
164064
321419
220780
477832
268419
4366
813992
1730
754484
393275
472513
886642
949743
247077
884163
219216
459598
331607
644546
220249
269891
975429
988164
897056
585869
958798
109234
50385
653116
965102
214339
506068
189606
828728
840956
172739
828976
788301
623823
897852
880363
884156
71578
157603
94322
980341
217296
435526
313731
430525
640864
934535
19342
999594
881203
831709
906368
685618
584774
788593
58458
585413
63147
307934
246838
813578
833125
288708
917711
213552
200400
299269
532876
607452
300492
943304
454314
99157
386719
445864
126776
979114
608046
699452
847944
235973
877047
160534
585674
95234
746566
501286
654024
772377
981712
470877
266509
32873
757389
705275
782526
373813
474744
361637
968855
961764
22876
312424
872705
121137
928907
684928
122963
204418
918722
420308
286582
640957
898802
778915
670527
796113
836322
703526
718130
651975
533433
247733
601908
107058
585007
959953
148875
531849
679604
780262
219859
217482
484693
676262
960219
268015
985073
29820
17661
405966
278967
322981
983348
454117
763154
594382
954712
224555
640833
169774
415164
85579
152231
616909
17004
230872
238432
860881
191782
809866
439545
787824
794168
355497
789208
969377
407666
94788
535422
365691
597740
25763
570014
22796
977378
362642
21650
12742
256306
103837
797257
275661
446073
42549
147514
62933
88552
295088
987952
712235
351941
417882
471766
486037
345053
549484
791497
894081
879606
922208
822996
759915
564991
4345
875793
975831
944894
462315
892643
805979
109112
379818
162947
827822
64547
993405
52035
240633
846822
801334
965463
525410
661948
715961
934143
397137
442926
634890
103808
929197
761575
981588
914924
438417
494016
482467
812023
334903
448847
510173
876
934793
511219
617483
312253
135351
78310
372496
558322
857537
397156
57998
99738
868609
629563
771341
444478
571573
993250
636358
861809
763154
421484
755428
70175
194924
49435
180720
890155
933703
685073
766020
195126
515295
212959
421810
374171
911040
653513
295296
556548
646969
785868
196157
209490
695959
119941
391888
498517
629400
649342
357537
168880
606886
715
658447
718036
350045
729934
476079
790415
881982
873721
212559
526559
804488
831925
430026
671667
55481
700056
309590
386200
664947
944685
423608
614309
577704
710115
603486
589771
711663
368234
46397
444658
473629
544720
916052
796128
765177
606581
853251
923706
291249
185650
140367
199810
625436
744094
246873
392309
858865
578908
525853
347852
548756
434244
395837
84562
160794
258946
696639
398672
792562
861904
829403
651747
496842
570213
928741
834311
946276
737659
217709
207614
888776
955272
470613
861574
400208
182728
867199
959965
405572
953195
206487
208935
494880
239069
11407
501800
813047
112172
969104
731282
404701
834523
350171
707278
421153
440697
746378
383197
977200
439271
131888
70073
793576
15498
429564
544173
25398
130383
32544
490658
814349
513664
550732
312882
722464
420596
622376
677157
558517
497832
739289
422587
680202
203792
798849
361828
951351
1394
459801
276415
202336
149640
671681
904126
839816
639138
512529
799161
330755
30867
849267
476953
865439
925664
813649
646805
202595
947567
615837
62179
658871
393471
412769
219197
66578
876788
928331
636294
600678
129872
795189
406719
729450
863340
448225
35067
778104
885503
259104
439271
922505
344144
426645
24470
798383
605754
646715
516213
435473
634321
285296
951937
236949
777681
414929
784235
90033
207407
797504
287329
649360
656638
418526
591660
934719
167166
891279
396314
823573
318663
234576
807274
163597
278323
453004
73420
575397
725089
488507
48375
757002
528588
406765
730036
644644
614077
561095
119539
774365
873626
747842
809928
138624
771137
946805
667618
805516
103255
54139
802877
432598
78665
190253
739966
659641
897567
378934
176359
28604
836355
244948
179942
512481
300072
186192
672222
27472
500436
198517
236940
596429
646083
214098
538512
953888
540595
54190
357259
811894
742715
523324
432396
512647
583788
205253
733493
316362
770105
279324
822830
80125
232918
380186
538132
368536
754986
95732
822067
351400
988336
451671
386442
252019
332134
179355
477392
647499
899713
914893
602540
523540
202192
510805
785337
908033
456372
436329
643797
720556
555634
994057
240234
357155
699859
681627
718097
718227
980249
303250
980349
343362
667830
52116
850116
449140
254106
532224
898351
226376
301216
388553
403297
241513
40092
300877
410304
629399
539143
135343
774651
468297
202082
267492
801593
472523
359788
958009
575278
268327
949982
644514
718910
6803
993172
590932
144137
914669
227943
917014
462318
161191
716446
770001
243007
661138
812278
967068
176541
784526
914896
812150
190340
413629
283139
211927
172179
35275
184940
553100
727599
841156
975535
809209
151031
794389
962566
751923
304726
485206
181908
739579
177878
782383
38510
464087
221343
389105
290860
176072
210814
878435
932440
918849
274891
423553
721714
878572
534703
97692
951925
567982
939517
745373
925438
372108
173849
227793
93012
38659
815907
430379
628261
390001
796970
157667
525010
355874
168198
605706
208458
633612
979055
546534
689498
511063
381297
625457
261102
309847
372835
911816
486185
694222
337412
349519
248687
980365
943144
734351
929194
99108
25994
602283
199946
706000
231227
996211
608374
300221
807550
861360
218935
16383
522833
772177
926335
502646
447464
242369
452231
540055
976786
802976
315388
240221
44772
70557
414205
772315
411656
933343
862017
229521
427322
358164
796566
578823
478769
766068
190770
365782
187332
240184
940390
8278
263542
565419
898214
759132
931778
142066
418037
426749
769650
90762
860249
181304
937279
681251
159563
781660
104322
946081
275581
979756
395662
96391
665097
252927
941841
160735
64716
111123
700451
991283
462445
771353
523228
164627
151562
532122
454252
26280
987394
591882
904922
496470
376947
78483
361414
699992
49406
3889
506863
675729
237442
535594
731221
637874
761465
223192
33543
520900
422960
55544
563546
464795
218109
97993
165826
711907
46504
612433
865360
214776
836071
96338
913040
905800
877594
351392
698209
685681
64359
243472
583994
193539
586080
561712
305422
179807
245837
113652
343891
960719
399676
925867
709887
494832
262276
171319
443488
434694
801692
705034
961574
8263
365530
465427
560311
711869
379650
107442
243760
379265
314444
447830
14791
193776
288663
774066
175008
139258
983662
924795
723449
688819
43597
342037
832831
23346
970541
957305
328402
685166
495203
994228
12272
815139
308401
42318
825502
879704
857860
953216
437270
542885
211173
849869
114722
947494
531065
31261
276998
246455
803330
681615
329129
300876
135097
106195
609358
844398
881595
158228
636129
645881
912299
523606
489578
172730
768087
136011
606507
404845
338432
333917
48826
977547
880722
691082
140617
75832
616025
79933
425094
831808
370215
58941
813720
730430
861191
62515
971635
89781
22507
755871
651642
771787
908787
763442
563051
462668
182178
925000
281127
330092
3494
964061
875047
66489
477105
60691
40580
30361
646930
963586
699889
670077
135553
781325
236229
92066
176939
739732
617401
194280
128140
682217
29447
843166
687436
777917
723566
131942
262075
205382
393726
910685
52082
486884
271988
867739
967470
120416
703012
988011
386063
134924
719486
472756
528577
22342
268441
933401
321063
19361
52230
749157
380717
789147
162724
350930
925485
724836
904612
513087
209580
118892
955072
363148
873819
506322
183050
205189
464565
207966
784635
969181
612797
105542
945229
324319
927166
446217
850264
284673
583135
468884
743417
635751
999397
314665
36495
546664
172488
104403
657346
227238
704295
319733
771258
812519
950904
912927
735447
673947
265769
926063
228952
348109
66400
923021
331416
939478
91701
404097
205444
387867
288620
72340
98109
272733
292491
186126
225324
273102
239392
83404
606520
946763
144136
135964
835159
220888
960994
807076
429953
524262
167466
771889
117532
727179
35204
691439
716454
831540
599919
916807
543674
932997
381860
755804
19234
144081
848919
598128
267650
310765
810998
6123
114356
115364
114904
740348
232161
854085
10736
710344
171613
483780
766194
713009
331017
49272
632835
367678
754824
696155
823542
564363
71109
765356
195914
190686
993497
235172
96355
210074
286261
205730
516972
838663
353112
560750
797474
257522
412626
542156
453478
935585
998239
189025
5954
398978
419474
277257
79066
678996
891799
382269
413541
905905
543118
674577
212914
148788
733451
834684
499388
105683
876868
157400
28527
390063
833008
357597
415725
186507
244709
640273
945138
747259
24479
776071
192275
640612
320408
85140
757948
292991
210686
460942
283145
500730
713119
715075
479218
29934
18661
506904
977486
266548
943675
224322
150011
373914
45715
774171
774828
907848
790013
489945
139052
501715
727407
649073
570434
551497
686767
259624
70186
683700
370100
417003
524568
394963
933550
458181
113925
42551
31453
962118
80425
955286
111322
681437
256176
782961
143804
748466
66784
179341
858689
932395
237575
682175
351148
70133
604521
298429
68346
340377
837695
351580
388341
572299
309499
924538
130317
212525
328065
652458
313401
762458
142078
774445
842764
256520
826894
438609
759339
700393
646197
144575
851373
487289
145567
455372
719973
137040
400213
212104
714189
463981
996011
588805
850846
884205
307745
116137
462702
855575
318239
972265
472826
509216
349229
807486
619580
267466
731289
999324
789851
999547
903313
223795
566632
890655
798397
671849
747053
723227
769434
631454
929570
817955
790960
582997
468573
838243
998840
886245
547579
710759
652087
819427
759452
214732
626979
718245
463116
924792
640738
21271
886456
305310
526781
629034
58385
721339
26680
857298
83420
476787
244357
925379
365162
269990
443024
66774
604913
172498
757567
364927
235790
671219
764370
257534
36948
679513
623946
700540
333329
526492
136542
928545
142171
40987
403797
613400
509878
145093
102971
806225
789560
515068
401788
514519
141508
416277
806156
974279
127397
493873
512665
554497
627992
915864
333637
36666
959644
853230
5035
283538
608972
957658
667808
954024
272208
532042
3715
208647
690272
781152
637482
290236
641558
347136
945972
106482
362975
566970
978456
577228
443016
900705
568909
500078
761721
273650
844848
666120
487345
977087
952527
403943
239850
663041
857601
147076
743448
716226
120084
172782
815626
670503
19301
621672
373144
326824
270374
792829
796858
117988
845422
881956
362645
666390
545283
496455
905091
173562
467410
543159
682896
106158
957957
799078
825425
649915
155527
540126
468393
621327
275025
838305
794382
314001
606432
554373
562005
819143
526964
874272
680028
782372
427570
948084
271819
385144
481855
871165
141894
781345
631400
296579
149148
683043
704093
394126
378426
411116
521104
504938
205139
179478
868757
967324
867587
145839
601490
812287
974568
401939
991721
789227
947379
115914
556052
331172
284931
828697
254642
551914
225025
977417
677908
371283
64330
58844
209235
92743
177015
461978
682165
132260
884129
416119
612791
91826
684813
236157
5520
854053
759584
745545
800462
161801
358294
741750
281616
368197
592471
762171
18942
801214
165896
374438
650820
845814
473048
873068
964125
277193
421861
732702
186263
501142
251543
948867
161215
942044
233119
145900
895308
662431
865355
243661
224959
241276
588873
549662
377462
954963
557479
171852
799233
62031
613101
994349
416969
151822
544424
143297
728244
363386
858552
889183
133034
669385
966803
875286
521333
719919
805023
125498
54854
710210
525202
304536
102291
27567
888218
488893
713147
357622
799915
761560
519830
268019
972795
994830
240435
962326
800404
113308
270646
698451
84292
607301
860129
978627
919185
180620
211079
954974
220007
35965
398458
373634
192651
57808
199846
798336
843420
981084
117521
204989
885392
404665
389837
579698
333622
789880
186746
304156
577864
927080
91636
19828
306333
17975
937122
344827
19870
960139
57027
688643
579996
114197
150560
338362
285680
149049
277373
653433
698425
628282
354994
339752
884211
396502
268160
287746
433663
930674
497441
222088
460441
939503
988403
367056
225652
522349
163633
868989
661360
691213
479601
128255
528573
328735
447082
593684
500407
811449
299908
279315
976143
354540
39297
802492
449391
902244
908338
46772
538223
118764
616492
587971
181135
478230
162293
773495
385108
820343
539693
309201
76418
772251
281849
12389
569427
85794
544361
251088
700150
944461
457847
28055
858375
350421
254554
912085
707064
161768
168894
986717
202405
273785
351718
381532
493795
904086
384486
336577
471345
64587
374048
619386
812004
287409
633061
951358
537216
660181
457764
105406
464303
299817
316956
26249
866739
814767
737412
734386
280638
155844
985060
375482
601885
568344
934631
928376
402123
758388
343045
784748
189998
60855
480944
538566
674859
144644
732004
756805
494767
509081
148829
211084
821059
964260
49136
556643
501764
419179
742507
152296
283655
456205
386086
870936
879967
730458
117085
320427
768257
891596
261992
114030
85214
227683
7941
44997
140698
679049
62476
182590
569932
641874
964618
414139
145846
570234
518666
858718
453482
157537
95909
893546
127410
524133
274627
303666
138870
826153
445369
700657
42295
595289
338999
952059
271300
855414
940881
260692
993768
209936
853121
217717
436909
392804
375128
745152
228995
127270
724615
887990
707361
626549
618041
250017
856971
33392
416819
183464
941642
338938
40876
19119
753007
349492
674265
239845
843579
229312
685124
913190
329263
943862
460446
340969
595783
671646
746909
112040
227784
244524
234292
461866
58004
870657
573949
300303
526108
614879
706014
718929
334026
470236
306438
14369
173785
622853
502617
816028
67005
314702
522211
283185
892604
152130
251396
321443
937561
682827
523067
685987
278417
206437
666488
814553
902612
974398
561883
651751
54983
453551
278487
833930
182897
728734
430113
862714
843165
114689
257167
448889
922629
923590
162243
44441
30913
370932
35873
712053
560211
820485
492511
755103
725192
438525
627280
760872
150164
146108
966225
787542
839985
55259
12600
247205
353567
35307
60847
663149
504054
304823
659880
342397
276947
91665
530454
785584
559612
718231
274941
25978
836192
425047
74439
420377
275084
562951
494526
688806
274715
902368
749432
864198
375324
958194
91878
766536
514392
45305
403433
49968
521039
844635
258180
749737
64874
716935
819744
951898
73336
410871
240098
442900
437457
719478
63890
937497
932500
105716
420361
973882
200813
206553
770054
454457
212461
479204
919641
313426
843873
244257
938479
284551
479646
956363
386983
821133
635581
14901
915063
727467
60603
599673
797618
842468
684311
302988
316714
629032
670678
709392
600753
215198
136561
338022
434033
311701
399441
126574
78531
958320
304576
431616
6343
477601
360655
653112
261751
807714
5038
557405
391629
16804
873167
376884
973820
426246
752076
837464
307673
607630
229589
469863
928025
957117
829426
430010
152068
449088
66406
619806
548464
947614
144618
602939
376314
367089
866462
611085
450697
480959
6320
718096
292668
397943
715635
637703
47334
811983
806886
96732
183383
29384
747393
993370
299105
575535
666962
337781
660974
164478
326733
583819
462551
95126
699481
79341
725360
170780
436603
633944
331515
227002
411845
533181
2355
454710
352566
819528
243027
760300
371198
603445
740995
215869
538293
735526
449008
962342
208530
876953
336932
393632
441676
592903
867894
741935
33300
826877
330837
475692
305134
489743
328166
469151
463492
473489
52526
959883
583608
624283
662579
728390
918720
129064
719078
121246
304548
725666
397600
590475
174095
893678
925867
175776
734068
972497
350128
549677
449819
692977
943113
613603
212566
155596
415438
349366
604976
470211
858845
634917
259517
309716
476641
711529
947393
154237
550825
419381
214633
340402
165425
802243
691281
728454
210194
893995
717451
309244
231948
388915
201436
733097
824081
307529
435361
590270
984489
547973
652626
68255
287467
410122
524256
691786
797546
689771
710920
55062
368680
929826
761135
560714
682835
394074
327369
599569
386826
256975
914621
819175
338251
169416
681412
709372
596607
178336
996696
356482
122728
696939
164468
213999
368373
475962
61921
794997
954705
957147
833209
580810
926096
113953
855155
765815
443491
304597
373063
66115
340962
67581
126358
33024
247353
576607
254932
141073
955203
916657
704339
292347
325646
577205
877561
341656
486094
536105
222958
304946
979452
288135
561710
442135
402509
846798
204509
112417
658092
469428
17072
53162
877046
133266
669714
56711
41619
748840
12895
644688
747181
763904
364370
535531
935652
390598
140467
793384
755494
600181
591903
557896
652526
772584
337650
826289
717589
490666
86072
848812
999825
59629
783117
254485
782891
398019
986524
427915
159530
773725
970989
956925
745214
677387
140880
357359
223326
759637
972505
905151
915015
642803
84390
294837
563083
356656
871677
41016
511760
805086
605083
509733
719393
649681
827469
872422
86151
254447
901605
538091
783802
547082
960836
662781
445030
860175
956614
468450
951500
135941
528281
529816
533249
113441
364785
142457
690994
395081
199576
157987
613060
20391
120196
828649
734401
614050
364759
19388
190482
466158
207357
337041
145912
200398
489871
370237
927321
395204
737545
347980
759853
141893
493376
400936
909137
917054
407654
42779
367394
258617
919197
714975
455386
326768
972695
296903
734954
581199
146681
544548
812170
837822
362958
76656
520006
169591
851995
594093
677245
544226
327576
979407
897998
838307
383082
482189
838973
992416
11469
976663
8501
612088
266491
735489
222369
281565
568624
484743
319137
974307
275243
762932
171052
577079
2676
237357
424430
369955
323890
183029
224239
756154
835710
402986
315594
858134
335242
560044
738806
822013
916154
441897
612950
43868
754095
716815
147483
48432
765642
813038
845595
687962
443877
358500
639392
233364
498022
323644
312726
381248
866941
422589
259065
847201
94075
656207
15020
931106
768526
402488
11505
598942
450869
603599
551865
776727
930495
830319
630587
25137
464704
266711
743871
975262
117492
211247
898913
21808
377881
234344
340879
498078
542764
607284
984786
232505
845253
794581
845878
287818
768949
629464
678991
220618
458412
264933
44791
44187
501234
303533
428636
82473
145040
221444
917409
934097
18735
780788
104716
768085
762960
320115
372997
796987
594862
799750
621103
395713
868046
668596
419085
559493
510262
171471
721941
131732
41823
910324
614829
187197
918474
460108
188725
338422
533472
979641
989578
198659
80086
794718
404266
713156
556101
320400
979049
639742
314236
717567
752433
54066
949764
508256
925266
656950
632998
588711
312292
741984
209135
194863
222130
2097
128018
855709
815745
14792
888603
91536
646275
162937
292627
751107
143406
598940
612159
473497
599929
186482
825481
460960
350817
39326
743199
165375
742049
147720
364362
431564
747620
622045
420510
134223
443348
526628
754788
545354
768488
316337
45531
601053
380502
234850
529507
53214
782446
358322
609637
977518
112466
594825
412121
587785
850522
739795
914844
536023
246770
450774
305514
395004
915128
410046
388209
890957
740539
964147
744034
786773
136954
259387
728816
516473
635913
349187
560215
334251
950930
273474
886139
654741
599050
760456
935183
506221
216505
667410
520844
114643
298885
254187
243666
670030
842626
148338
269242
555174
790005
241622
771897
274087
606149
820091
5749
318774
561847
259600
883591
197807
550962
988730
752096
908438
2829
815771
111890
878685
578427
61622
650965
376044
121783
268575
662066
315105
238472
863084
446014
598486
936459
537028
541769
445901
238871
635998
518528
276850
665127
237412
986332
975631
111339
592234
848404
485524
404277
420736
852922
551498
437554
548179
489436
758041
547771
407287
694092
311691
513848
365115
748652
220981
925084
746627
209175
999768
449904
80945
299529
563936
400089
142515
427198
820115
727902
487816
80468
973996
807093
10057
23034
482066
935773
292474
99006
63564
470677
833993
675244
890873
413306
928342
748431
719712
260177
313316
937966
89393
284118
884700
629781
953421
101779
646152
657028
432556
537456
97648
915731
389173
643973
693921
808921
276431
557520
549597
970917
675205
326044
681316
200430
971912
10663
950446
174194
182826
504771
573569
918962
502381
759379
96369
430539
910523
700845
802596
80881
482188
125618
997830
272981
10841
496231
95001
34953
771462
577336
145252
691406
140671
289610
737064
894564
660074
108347
271953
812481
925408
388893
231721
930890
588270
125298
4349
34612
544990
161628
153550
898262
997343
941815
743728
273281
674501
411932
546281
961747
984419
799940
199639
225895
778401
120749
531849
167946
736520
166981
942027
151641
707722
508216
544977
762349
328696
994226
892209
764999
898359
657518
272943
823585
705060
109490
399153
409269
548067
353794
305424
76424
455420
447473
870659
933561
387999
783448
390592
270607
40677
701267
694657
66900
631774
111012
229417
970761
484518
167866
998364
273443
353037
640786
913509
128844
706501
83509
430286
227324
419142
944325
416786
673208
617932
809079
993539
183186
185865
137007
105606
770190
901376
796889
354134
930107
247101
535647
601517
138677
684684
801534
62290
736079
792026
31299
779521
974578
689872
189353
32109
122706
912260
836520
655443
471928
289901
406256
568015
513176
840776
94444
621189
8101
135510
725506
97881
132466
247337
272064
919408
23327
928366
530062
651491
47323
145260
141576
975525
532414
885546
740455
340405
391222
30198
305857
140954
151021
204451
206656
974454
616495
833066
31752
51938
193035
21960
209973
710334
103701
272810
654051
696697
15190
625182
154260
925301
199696
803507
575147
276847
468102
941497
340841
221395
377613
158525
363412
488314
684938
16353
440991
91423
119081
535382
485298
866096
166962
80193
242399
277297
431614
289390
294583
956469
863002
591136
111841
767200
265811
277687
889704
189685
349261
439379
647694
6928
660448
744917
437145
330984
280209
529269
425322
307140
130044
258306
994995
731290
50815
196610
701751
597409
691057
132119
935086
978671
5073
172891
219902
670915
281598
868103
219290
970783
288995
789890
457545
173309
949396
898841
735539
1117
449222
214961
653052
861359
226975
947865
471223
402587
789942
901428
263995
592791
903256
470307
296264
161413
411792
247013
894464
584331
722032
42857
316357
15493
377819
377023
400190
585140
885389
678441
989800
360841
47305
624607
586021
367305
899884
622581
521507
508371
281386
981685
837017
610908
58716
776316
286944
788317
675555
333499
751661
161046
444793
505596
502570
233535
247961
737356
435083
525952
825231
576641
213700
435525
218365
270261
16072
303299
117982
986430
301861
829653
58862
609848
899487
282196
14475
646733
695358
816817
231765
213846
695120
86466
432037
880597
645543
9888
891784
695441
150966
95353
797917
906140
982822
519566
399089
119189
646370
866703
859047
355482
726281
507888
310209
259994
45479
600637
633388
282062
25786
345976
411473
787046
804094
551975
693542
621980
399848
486301
570417
578744
728878
327618
556548
270330
584237
90179
576851
249593
231407
604152
532546
180505
6165
33505
849674
296750
52957
465618
689411
105314
479141
478342
980327
691308
975931
78898
568155
770693
568375
782146
18766
296486
514304
914563
903130
550277
819744
691874
250268
862450
504828
712086
993355
381565
457355
96147
58620
544625
720603
300064
900260
191076
227371
347608
498312
710956
58852
821665
866148
326744
888382
315410
612723
411768
778795
728998
155727
244034
976763
982639
985439
599178
764648
519827
714100
677468
729211
166376
658124
190164
834537
231376
332021
592630
27949
189576
690196
123933
119524
776465
958943
74594
48508
77335
691963
201966
250282
838171
980215
987641
261989
842141
717714
737021
36667
464116
793301
801732
643511
592721
624307
714925
319474
400164
71223
37248
776179
958861
970330
999528
123463
369816
23702
684295
434438
701040
892500
677935
377857
396253
768357
222398
722876
793065
304187
355387
754871
463308
206302
419819
742231
819941
189367
550207
167674
11916
888984
499698
6405
497536
912645
740044
526797
935555
325419
891216
771249
602225
490483
222345
754139
399956
938974
495114
990535
28076
182957
679570
847788
770876
446134
686442
594285
900171
752390
382506
184492
122098
150333
815487
462083
8752
274612
124978
610276
863348
428134
9466
413347
109112
745049
156543
593492
856144
125343
257843
657144
388434
567502
778942
168691
118167
546728
733553
424940
473742
522647
385874
494459
343163
378750
925806
536609
64913
299668
794809
127660
210123
221100
613775
151263
992870
906743
320237
121623
817110
765368
735588
823536
247195
813677
765609
780079
485509
208632
900038
394125
253748
283389
108154
188745
920877
419642
348949
707930
251064
694573
984358
685693
952900
488741
824865
516777
699919
286760
644011
577278
539872
790933
520910
263231
108407
593839
283709
906284
510808
479094
246247
609302
110195
173047
72683
328799
274614
713178
107050
670749
480998
356270
999239
396387
434566
695718
287404
965575
157284
485450
753254
420461
820267
230748
309088
348678
600718
194624
509656
142277
196827
96559
955863
133835
176437
559124
476412
986784
838415
91761
732426
652561
610569
755509
88410
904299
407043
630116
933841
142706
4367
606583
689120
268189
838552
569342
781704
777856
124672
542375
674641
965135
100787
935499
298725
814130
71356
430821
236026
330524
319631
577169
57984
872830
268458
892622
140743
917210
951664
831457
566921
267333
285628
519953
859700
441072
485173
442741
155399
564529
995767
7175
549275
261430
21142
407865
152709
226570
875864
753433
580390
928758
802869
102968
664036
875628
573049
731160
928361
156961
760603
62680
229207
296581
405177
342618
12893
985142
488583
316463
125604
630084
287115
52662
979115
653718
46254
759457
686367
833333
437237
476866
178337
103470
724781
87828
652864
347550
909889
318940
418730
75801
700465
320743
326531
356561
184191
458911
602879
710849
850627
530324
218986
168602
769625
931288
744469
984044
709446
768355
316183
959397
939649
21304
844374
773789
269229
32784
2489
672487
733815
78614
935128
72842
868841
202966
235229
74059
784654
668224
90716
470262
491109
691439
581435
505782
653019
273991
140635
852991
201240
31443
761758
569781
149516
403577
63818
350254
677997
369927
419518
476835
267419
725034
191271
130168
83027
372240
129601
69488
360896
489344
301494
245789
103175
431474
700556
557596
462375
751211
64055
633040
274307
921731
242581
748525
616731
85066
918694
360088
796368
285398
550760
117366
130320
525718
422986
328788
786785
159837
338978
116089
174297
877015
61805
551000
177340
42492
11298
255089
278575
809678
243344
521895
45767
996316
164226
375793
915311
640898
43832
709271
295944
209559
752236
467553
524099
872569
485664
560459
411259
795575
769986
959559
541573
158942
71727
619772
558760
943292
791883
176395
218638
264160
334156
108720
494695
422088
730033
187865
770982
518543
401556
155902
188954
151240
852
388016
144385
730513
146677
276827
426347
790644
144856
691932
195085
582464
339938
876241
626854
508822
618723
565110
570602
841909
894925
227151
106120
200105
236851
337584
647805
872328
822007
901314
77782
681219
119418
317903
368811
486760
961903
775868
8095
865288
435430
182782
506686
696518
621031
384031
616745
49972
280620
980124
973964
723520
372352
440712
263826
239896
354856
769699
35792
949470
536332
597605
999615
672121
496004
736541
901439
481932
9633
451952
278412
487903
43374
932159
198383
891410
871764
640492
71462
591126
489520
862682
538124
535231
650755
123055
5367
272391
38251
183044
286312
389832
240958
522852
807586
42650
404302
278205
926777
730524
636130
605281
979481
733287
398245
516492
932023
780006
327143
208492
674634
571952
881257
652161
76854
565992
161770
34575
453724
963006
727613
994970
277878
611406
491651
661265
544104
814127
342915
161097
547318
938926
432049
387180
784285
262877
756566
470951
753971
170876
664192
338601
557435
995050
146588
786323
321493
704047
330991
136887
298326
540966
679488
556240
556592
95163
589254
966661
403190
892950
550803
341264
750823
699287
841506
578433
573694
728793
724001
834689
602951
16469
909204
173000
170104
372027
339473
829827
187021
181640
122383
457305
798798
683565
694797
63039
37080
616591
791617
427721
267044
962162
639592
930006
24050
484561
830859
857573
723926
9834
180557
676658
118112
507352
827878
211604
154341
304749
954198
296514
916178
610358
943889
657729
208444
647877
158867
958306
354149
975223
888675
961256
924515
684048
58123
56080
537237
591437
836360
764383
181463
8330
335158
75693
849324
909678
990290
980260
579448
633069
541012
258560
523227
359951
764701
877611
859703
339247
317170
347767
324225
695582
578067
868370
372371
227735
676987
690866
905025
745245
480257
46816
752634
369047
948320
911149
826307
525507
965729
719091
335365
894272
926452
500855
367279
5403
47500
142645
793303
242651
778681
937058
962032
862664
45743
240302
586480
763610
814137
358562
16168
209262
823013
701555
960282
504126
877087
337436
150678
198654
423
523339
502182
708224
232502
695621
45579
811753
501858
725127
10828
554221
27816
39747
36396
121550
500502
291499
749883
139756
445816
837694
992765
551114
969957
760329
193166
494339
329394
784720
607336
751149
666981
208005
139904
638867
82067
484335
333628
691176
837090
840390
941507
884333
681363
979221
958233
963854
592619
767084
270200
203476
942088
648346
216049
658392
342148
807310
337944
816387
564213
263564
662387
888776
316308
695718
105262
852439
266731
129528
506388
202168
989375
496648
561019
282749
169355
206222
177041
391767
621041
981682
450907
554554
855706
452358
434995
590207
568484
201162
657948
68571
452322
501374
736196
46564
128046
994134
834577
561648
561768
650224
979464
767747
363547
886459
920061
84070
764174
866452
922613
379321
485494
187686
173759
766481
712941
918426
768686
249850
368487
849636
475172
351292
805201
539782
443311
336921
180213
161070
99618
861283
11422
178344
487639
425985
876067
578378
725744
214115
47677
422737
864293
568879
435963
20373
538888
831154
115665
170563
410544
62494
375891
5417
691904
92291
746113
797071
561
581057
299070
301880
380645
744228
418651
89879
17867
44354
354949
997238
135953
222595
446125
226408
931485
157907
357697
299042
838997
86513
942237
654140
114638
315008
935815
447300
404714
104155
813314
928387
916246
673551
119284
894761
210102
7367
211442
706964
511057
906657
841598
77554
189107
703860
30610
830072
745101
482010
194127
781562
437708
124549
641746
517136
305945
139071
15275
118804
293467
135954
621767
243449
29854
903012
67571
590309
891773
221498
375878
628507
187210
342153
112136
648153
839403
630926
270176
372598
776404
190992
897837
561607
917149
431329
926905
437853
231017
785119
830306
658141
403143
321418
843884
544802
326516
171877
775618
297351
935244
302860
928440
524040
781068
16811
634922
47043
852601
31446
698489
799446
95226
167373
220653
663075
115126
965933
487426
323121
877882
362812
372324
689617
799215
944895
172922
524770
915836
684147
585019
561052
138261
372563
225768
89503
776224
303499
648762
383637
235013
480502
442813
450828
941930
917706
968527
471614
78207
45839
777786
747689
659294
904995
975015
454328
437684
344635
391887
774701
194103
38757
146779
529447
176295
669032
827120
660306
65655
436167
748435
447056
245722
720600
912954
984725
137786
616702
290339
640593
248067
346270
600670
738910
963537
281080
926993
451480
164990
785760
249053
509043
878642
597326
479842
894818
124403
777548
437905
906559
982381
702175
276269
124029
50511
224602
164242
230134
384987
26422
630494
401254
808349
762985
46490
646403
399735
234818
655671
297835
317771
977212
440232
470876
862872
158464
764248
139212
946144
37289
785622
439451
139421
584312
958232
777667
195141
651409
911769
713660
347415
734336
612916
218672
863016
990849
488116
882519
10199
768686
555373
203820
589354
535565
462892
525932
212110
223783
422532
383050
682447
724230
796412
207048
672970
167133
850607
441623
100777
887969
450107
110755
34576
160813
318078
115986
538869
710920
158468
976779
986655
22781
809328
94781
306300
679847
381747
392848
261740
779455
959562
767370
903250
686303
32272
499587
253748
281088
841605
603185
708311
164472
427561
863649
620166
504645
307929
406547
243380
402981
784344
916677
849947
630856
621531
546535
360602
10904
498612
525769
285962
724562
868966
889863
346915
859628
281339
924966
268200
661446
837358
351432
207875
182458
900228
676475
101962
482554
258399
956691
464779
468475
643784
88764
796393
169338
290106
679917
807300
18398
384743
947613
190714
744322
940248
723643
136838
168760
648900
555992
511660
579584
254240
340302
405219
112415
514576
359438
519849
352268
74761
401203
504384
593857
750973
34947
308907
492948
102510
719938
545547
667213
980600
164898
430995
296410
993051
489687
804470
590231
104800
643638
672821
472858
183683
723480
217903
592730
397307
531775
893562
454229
240304
253916
953188
396755
890881
463884
173129
706863
820993
996283
517150
131190
278132
639711
619644
196010
736467
817587
882465
533826
798495
939048
282187
480754
591551
817208
414848
228641
102374
506249
267304
423750
248519
629621
628085
806090
28078
304644
504823
526539
27306
945381
87866
546589
579699
520486
195147
102919
970817
343456
97836
50423
901704
689649
10864
261055
551531
172026
659748
672016
820112
912158
290639
106008
369986
619567
605955
756331
253662
101706
993355
364785
285273
491866
184803
803826
430334
852418
887490
754771
101393
182820
792206
527267
673178
862358
25058
778486
359489
416509
336724
358793
594956
181686
548355
2731
832049
426968
756760
807674
372761
285733
315801
36032
439202
350198
847924
311510
628899
838957
261810
420387
191020
939706
196483
265434
240882
435375
232873
339000
340363
412365
137625
98059
97141
380873
884048
367895
444517
629209
242230
984734
473762
65869
899293
22585
158315
613244
233689
654597
811040
977860
23251
797191
21866
433317
485648
534791
909202
658664
402087
559517
733289
608505
887914
898166
274376
694084
127718
718416
244845
392538
28524
470196
172287
131877
600325
819685
70634
158223
544474
98191
129058
734227
732383
961473
310756
136439
565226
498615
826877
681412
743733
193078
697038
768653
301623
909770
402785
676009
585614
519143
512227
762680
524188
305166
511037
265171
288601
482792
47781
423246
507129
941026
464924
21658
680955
662665
425249
870669
211033
144920
154233
320983
423437
891288
925393
498001
115407
118958
194211
650349
36641
502037
645330
261741
387333
507732
620896
524869
435019
110867
426224
971676
191222
386808
641483
657030
89801
45858
475882
458284
555803
371122
703929
339375
226169
73978
627528
166933
314008
500812
376934
26124
38827
980991
322541
428132
904059
88762
93149
460904
811788
427062
673577
926639
362411
711276
949427
123349
700310
784880
167526
128136
668878
226757
929076
400306
818853
42065
580004
973473
248868
269424
195605
560976
94836
887730
820064
402108
33951
450126
401723
896874
937548
773200
120843
640999
81223
853813
454565
587252
693969
673564
265982
731617
141470
492563
115108
258673
741650
118300
778541
926263
314818
963006
415594
91891
430618
515434
44240
559314
673760
657741
337388
242160
455598
420091
994326
546438
336997
764962
813505
613427
355192
881293
755839
828177
837659
474242
355051
647202
268570
181864
686335
583805
731198
374424
244341
158611
98827
321578
807591
553518
983407
838379
360080
801980
921819
896796
232506
158746
439565
148634
918563
325357
476915
594575
820470
155581
752780
485733
592389
507201
754463
438796
945946
897911
46498
29068
84859
608848
111515
737727
386379
345778
10770
784780
110010
352641
937414
69382
533532
20351
360790
129493
846850
284015
37318
711673
429880
585147
723039
584371
297672
853764
528293
601623
995353
121140
46749
863543
891659
169804
118650
366429
292443
715079
945861
700975
77026
954745
349875
100031
809340
999602
535884
616212
193623
661179
189076
887781
321504
417716
447304
342742
739350
322809
820258
492609
243770
718432
703789
73344
168011
349023
318773
111264
934188
322155
841689
76575
2021
779570
206957
95463
168536
137390
605413
404817
944001
473192
100173
985427
466039
885521
701114
912949
473003
214517
364319
109402
571186
381840
159463
838458
957194
670261
319362
528241
538751
727517
997416
421037
828898
432980
449599
895956
847659
680385
278703
730939
5401
857715
73088
528283
59932
130520
163599
41722
415611
137114
254030
963755
746584
375355
295945
673174
544443
154359
592889
575366
984051
703714
889254
115647
925944
386484
514123
195746
265328
958913
657957
412614
652491
620863
334792
188550
714805
23582
938794
718147
816884
465612
415671
538183
842558
337779
657349
672879
98890
689690
419722
995337
629636
880960
398480
551909
230687
218334
9445
861031
198696
293963
768235
586515
647864
191563
388480
684703
971515
408453
25211
87362
66847
972932
174455
17615
433298
601892
917652
884303
289126
170501
88781
804954
646083
634165
914091
939383
415800
366402
12229
541370
538061
780112
819442
962810
330035
812889
386497
921022
159339
120475
586077
498259
412880
587865
185838
525746
165691
707358
521469
146686
938978
832734
215797
821943
638382
849365
894504
976028
824668
687467
235531
233651
37530
542671
361894
700701
893599
782150
599006
740449
833882
613816
321572
548777
471477
408616
537288
90983
833673
241314
914573
36839
739002
932596
938262
976192
220834
590775
807443
499088
738709
614549
358803
788820
624584
246583
674897
630210
951670
663708
205637
265440
159582
173733
308170
677732
296136
978057
988350
18286
82022
839316
872031
73895
600619
336951
514366
70287
211827
676962
884308
171491
415422
764740
935424
928705
95687
368527
856304
290136
329607
413004
699351
327530
7363
653208
884113
385309
574919
448369
414148
117268
888
162448
757343
23921
311139
873547
30011
185047
921191
751429
33681
866914
819895
741566
720044
315951
824049
7630
424424
974051
561421
349558
714128
569078
244498
665539
748095
452270
756110
519517
319717
195646
661293
388144
929773
339001
359741
913698
40971
509453
823671
706672
982176
644340
222449
227564
326193
771311
507616
985874
579853
688020
327185
325116
255424
355281
958673
132417
596245
506472
588432
175654
234058
51054
387735
508067
696478
86518
964170
182413
526548
790115
81055
941217
610888
984047
984083
981961
951829
805105
311246
971330
642790
332412
271768
77254
787418
205026
929889
488659
622837
99633
104551
990912
522287
883674
10284
26007
690897
620946
880125
373202
342580
536664
102488
93855
364078
136027
275511
303016
645348
512002
134975
471436
121692
86465
452339
847925
626450
196268
35064
873840
234014
895674
287926
401693
796274
669555
825887
562030
579702
60466
104011
168890
893965
370536
209120
662082
632087
429864
388705
951872
986929
773379
899084
918851
816822
960760
761318
933258
551984
642188
573
756947
860709
683259
632485
22410
123698
305252
84515
494923
37758
204163
699681
937243
847111
388342
945947
208656
812670
703193
841170
341834
872690
215859
846573
146630
399772
884095
254464
660156
52922
408466
112701
437369
881050
595750
160443
172228
113970
100694
737679
897928
978301
899580
647325
466478
603678
199350
466259
358168
434483
190388
906452
271835
736810
88404
448917
881837
11767
822535
675522
339273
92912
97758
935328
256472
851902
193656
377800
116721
488227
713912
731684
673450
302861
504205
166784
352089
872081
126553
885950
349288
361898
86037
517166
237165
484835
13339
262844
6584
289663
485103
293222
94050
501375
279994
298899
58280
105779
792845
207232
56325
115199
66392
924438
166640
279885
867475
868235
659459
243427
133379
880924
891869
237133
328522
750576
12847
344468
828685
34377
565356
12271
886905
862968
646931
119784
122115
680743
500797
579757
991794
20833
760344
434133
207280
87777
895
936465
463348
935219
988662
615986
771610
722764
930833
781477
308547
580695
103910
729960
49204
125405
901409
250685
37101
971432
339200
277324
890545
238693
680160
50590
751901
589946
996697
370041
564104
809594
848513
913200
889035
904498
241195
112962
834364
978239
598792
330358
346580
445609
726624
30746
345589
245247
851996
32414
966811
589498
127724
657768
105090
544316
118311
834218
404554
956589
493189
819879
657367
222574
378726
934708
482039
795127
402117
910804
970985
592064
907159
923495
566702
286896
456484
6694
713901
571477
999714
727986
709572
637151
600990
46304
123280
530613
484368
633107
425723
972383
155078
456154
578946
683620
351538
854398
462036
169306
846351
161271
157146
579208
602814
328204
210276
945494
739118
387777
36691
418198
344807
216540
743143
864771
63642
81827
30088
703579
803128
783603
705487
159273
670152
494165
808086
115103
341894
841107
57923
669156
647739
692220
717986
963946
505041
963501
455507
578188
551442
871107
503100
568078
477501
577996
246262
364498
892962
237581
999343
92227
69880
20356
3606
853211
675511
23572
307906
391213
669875
121373
358677
63787
907973
901256
175269
31454
803903
909863
757130
352262
137033
316071
621315
892053
333639
631632
767346
952239
348648
295877
252870
185605
527908
223196
850084
968546
536065
402450
584293
38314
968922
7473
231586
66179
622475
63215
677774
361265
150250
897980
120179
948341
756133
441636
482652
624809
815080
240800
212872
30217
42509
732864
571861
781901
444999
106375
464561
851672
368996
634611
156755
369477
586153
645714
421744
985180
236151
774354
116706
793956
132620
345379
812917
560407
123671
68466
568401
450287
875814
328778
474182
375496
872991
773392
611236
474595
260327
393147
383496
977469
933383
709319
467057
285414
134262
683219
828257
802425
361701
958324
684770
3015
471165
944311
431051
369373
29704
473730
941346
174211
38017
800420
479807
455478
45640
847941
734996
429055
178318
468423
629482
47044
26026
721664
356507
216728
170003
410801
190237
768010
952221
104206
608192
79857
412158
477288
978307
266265
865491
287793
760951
160132
983130
530937
308869
224655
23400
315143
119258
51598
223596
610493
32493
76344
389819
494352
947477
585730
506187
680375
290974
980097
620333
400611
496379
251390
449012
158770
891680
666160
59737
754121
594339
214107
447655
200195
905152
753875
289760
365892
738292
989435
809467
938417
902810
787955
16537
513004
660552
804457
230455
412232
248497
758763
960030
321704
922025
179020
892369
911795
787535
189526
891473
325825
197204
681684
800601
731434
930323
707856
905064
858217
266281
523804
833374
438343
446919
685533
700127
481735
982755
201571
847818
268143
121713
914138
402814
558362
642560
450345
636865
160543
117324
795746
796583
853404
658561
857303
294261
429124
838428
563510
939156
40206
904409
334996
253748
692318
551586
985292
726563
296209
997979
292484
384014
78715
709570
211835
958699
564257
449610
228884
900657
517929
112547
175089
986489
28401
64445
886442
921284
40247
491714
85337
125564
319340
75556
227980
292204
123415
782154
849323
38258
858350
856829
191423
897733
167272
652346
216138
854781
819704
494497
416105
541554
939320
487606
999430
805893
497078
268751
373106
995128
903218
748887
168825
20407
747843
423895
989933
599420
67296
773387
849681
925787
663907
983059
348008
420211
282505
413203
930254
614824
787625
845742
91940
310621
57849
491412
629913
47117
968066
348572
64367
834073
556309
41149
568020
375566
971599
10773
341540
190956
506540
218026
837261
451438
79656
103943
306013
350669
655973
178822
496715
54890
791289
560839
181231
813597
96268
986290
193572
573810
669068
261168
170046
191856
383100
669401
971319
584042
156623
951584
694156
662873
953395
905793
184207
685072
73410
261940
112937
330311
474397
195990
545630
709995
62996
978190
780745
153604
645204
595469
578014
236499
289072
308245
3107
830125
181798
469025
97694
386848
306820
601452
432698
872732
805138
493880
899082
946746
619722
330633
916240
888246
447924
981302
126203
991592
380451
237355
963036
449273
278430
533653
357720
367765
355747
178242
986580
913732
164924
408584
514100
619330
77801
578861
547516
644028
165949
461060
557561
286577
772571
888000
180184
299776
896460
172053
690899
651135
976728
760572
47232
655326
346320
699420
163786
851960
171033
582797
793760
113305
656395
812576
374292
700766
277868
681261
968898
608300
561395
692055
634166
300594
968960
537591
212546
179815
578715
45801
712287
903602
737886
585683
530868
98545
204511
136517
935203
398394
739205
298418
155308
842936
93935
986243
566934
725373
17774
981730
616285
483667
46397
531607
244685
47050
282362
200781
970380
382202
494461
453265
175946
888891
61652
76616
497558
41726
119679
399184
465844
29347
81659
73887
865932
945048
875394
942216
74229
435032
120475
582652
644364
467398
888848
86640
830681
716168
772604
165203
534084
89879
588463
815410
857279
847195
540606
911445
221746
383971
944691
42604
60938
703974
715803
474988
723516
526946
121513
405634
902607
486753
130749
421331
807765
407944
773900
586986
295370
318597
910435
859169
816936
766409
945950
240496
987553
921417
519999
291668
866477
200826
836544
450513
602403
851555
487579
462440
842989
594628
872231
794437
766054
628120
559520
364590
909644
353555
933688
476219
442152
751954
581822
140915
949299
52236
550565
216370
990036
812210
315375
954309
597314
186660
946827
384969
320109
652042
664644
788761
480995
758206
674519
573173
168197
594988
552701
441943
501563
311010
443796
379414
905906
117582
877247
48655
78203
175232
895459
507612
385482
169064
717101
778409
601085
161977
407470
317593
393725
465921
270274
232492
643219
904328
785898
817482
98702
56965
941171
223295
983561
99805
426830
193473
786536
184631
844654
807548
659990
604968
519344
92374
636472
465695
360596
829255
754705
898062
414475
525084
252088
929611
417345
240772
595619
728514
952417
500337
351535
594240
637610
552381
178247
275303
576001
900510
426063
572042
99002
562560
719518
289632
971799
573343
792781
873184
461610
445871
350756
612790
833846
429601
437371
766613
753695
937378
704056
700381
415201
441418
615162
380318
841034
140730
448979
54695
648943
304217
943652
971333
557245
181430
839582
218365
72963
989614
77174
276226
945453
622251
350619
664147
155453
386605
941366
156258
514254
454100
278066
101315
652977
643585
585929
322935
75207
168787
840541
699885
148421
262507
644130
781729
849934
889839
194234
874296
421479
574076
905323
280722
19312
195450
871066
263299
904633
298863
821707
958872
268127
541459
382158
275001
57621
629927
995066
337888
505322
445095
325574
83177
33628
458312
757131
6586
464792
829105
164163
176114
458085
680117
732623
376664
388076
75016
122211
21429
823315
158103
626075
698969
90522
861430
866133
887355
45284
487333
68341
681281
129662
343778
676499
663572
911318
431159
145973
704223
981876
562737
861343
991
297356
811843
63328
679424
650472
87122
563583
20857
889979
607869
629097
659280
543745
56895
603691
472500
206457
784408
960712
679048
646754
608710
435985
926539
54385
786100
557075
912240
546556
137811
716968
402917
237041
129875
341488
563307
527605
899016
88941
523116
737264
761356
22927
795013
361561
102076
381502
250463
715730
763160
764446
670562
652949
264580
881708
344861
824091
394292
656730
134827
440822
635892
393531
870798
119882
354276
644323
939124
321687
440278
626633
420407
438910
298968
705628
9959
128509
259245
36022
893639
535560
418183
945598
513517
224459
303342
305625
508520
20306
833063
570601
587624
253143
41560
821400
77728
270143
971921
277147
292075
685597
380555
59647
18045
268783
35665
489930
548187
12169
397931
50186
592947
99262
500675
344767
430570
438983
817693
923084
678553
94683
923610
837143
426585
676166
720815
107069
253354
884023
538791
570801
770130
132505
672328
961167
760009
716392
412367
614259
812572
561176
107015
593892
549725
563702
213493
260105
717329
441025
42571
758441
847433
284166
514343
539370
552918
488207
98990
783691
721862
939352
815777
787346
966057
193231
538901
133076
304256
565888
111390
241902
992940
830152
575432
595634
391349
152425
404635
237596
388091
354539
716467
820496
634460
513014
585148
26788
644089
439115
189317
855514
893597
81207
157121
847691
277240
735263
151201
370726
349685
840904
109097
130191
88077
357762
914470
173270
259739
522269
781464
571548
618220
61942
207152
970842
471140
159582
982254
341669
758651
181729
448056
597524
725197
784478
844888
561492
279583
763396
488778
288982
880440
875343
20032
675253
235686
528071
140684
987376
810435
95350
763329
368798
619614
966303
625833
6420
740304
737074
658847
537653
417194
387378
325826
134505
704594
40450
940467
608617
864367
626083
517211
220944
790890
529118
328861
722736
967253
72081
750915
687197
25440
60046
266716
926670
578852
925045
706302
625049
381747
480921
136495
641707
328676
532404
365777
99872
493691
679131
558265
70635
297641
310971
20929
136838
759154
197679
442594
881391
910888
545480
710971
993526
268324
791960
325824
640821
58464
820774
85338
795544
715482
832949
125488
956683
280806
156690
523514
732650
603936
714450
715766
602619
924210
871826
374432
806307
171252
442424
926791
30672
49106
402331
955487
128316
102890
271106
587413
998680
666886
853367
919140
29085
757908
275008
127200
401968
199125
216047
334858
49196
113383
537937
816584
47143
744755
865887
143681
958363
984703
619304
811823
337964
52869
715440
432401
82223
494681
457452
127642
719189
364909
442851
256750
58859
333764
247143
753199
703835
17917
888129
585765
551431
377636
709824
868320
602190
449788
966325
124340
180848
416696
398326
575354
877383
490078
454066
276547
640704
827149
355645
200479
121630
353202
725283
584650
465423
924288
634952
888389
244828
523191
678734
78666
436648
483474
226408
888734
475395
311384
848353
248927
412513
12568
136214
766694
84896
800803
377135
325502
544504
521594
75880
934326
610585
494182
914141
200477
176089
277459
254683
33742
496244
964271
477080
131699
868526
319584
823048
142019
626391
793655
582800
658968
728418
70354
951066
766662
946487
297468
91341
23654
184706
618461
917255
169173
598758
139307
29620
19191
174388
475174
182289
340698
764605
663054
621841
722344
261794
357787
582761
547173
105244
302651
563735
108508
111952
245770
544563
91016
424289
845174
63218
566435
36228
651390
868917
278628
870006
788263
954491
306290
297845
429381
605312
583252
17630
923328
25776
927219
172927
119246
325317
916878
276547
987177
233506
981256
400527
670790
914526
160908
784096
272691
940013
697563
691539
242607
725083
670235
643778
352476
930706
652307
78819
817087
136687
708515
476932
4529
482417
944432
861542
363758
332401
744883
971184
553522
637511
11099
190902
947913
949390
665728
404393
716998
986186
916352
391690
436574
471592
337403
987749
625465
304737
907331
180654
282944
350934
351948
739449
137231
461622
609499
876549
961652
529716
428110
362801
231822
370444
348963
305211
413332
187377
825672
63746
974965
691860
254342
361086
712216
386971
660076
135872
919312
170576
830205
249700
688695
90083
430892
443802
625913
860244
277787
415410
987318
892859
988129
404597
323396
370430
42819
12256
417527
560971
230198
582215
700244
192502
163040
564448
666013
66135
769547
101241
149058
184892
640980
277920
939984
824454
548445
563931
510458
398899
550844
497364
677085
913013
523804
354546
155472
903683
126171
522136
110910
296529
718497
696856
952076
297495
332052
65077
599964
864601
994498
661365
804290
580127
564477
225709
442916
89681
961920
766525
725412
761497
309336
697332
356495
592583
369021
615691
348333
638742
619209
824133
309069
769821
902980
974661
99239
280923
761126
396866
518356
363000
750937
344570
105882
915168
890847
529786
465386
666806
634759
967618
111797
816061
839763
548051
561409
685056
436696
89217
496590
357979
334802
946244
617831
965238
170168
771779
488783
723862
800614
230424
233493
571879
317657
338372
151745
375967
374340
642521
513696
420373
267064
665157
462340
743846
723967
938023
672824
140821
347842
293383
237948
994884
853805
673432
899407
911842
140617
76686
443836
772142
656375
829759
950753
954233
839260
86687
113147
908444
383847
940806
793855
158132
817469
868303
966573
561244
631402
568618
33503
19624
12224
296345
809275
559050
332405
649497
777232
528879
837178
796880
743301
112295
320289
911032
63182
82516
376651
436552
334444
723119
604827
394925
852718
880750
997940
314354
587373
140563
832242
856109
52004
119978
69707
633824
203379
429101
739309
339607
609633
433263
7381
62658
356455
93878
984369
593412
61798
350597
848032
929868
829689
586802
537947
678631
809239
211451
922307
600486
811430
909906
430137
556272
900189
39583
236350
403818
346234
274670
218023
459218
113380
387181
480236
169449
988697
461684
267721
711998
4398
517948
163466
844770
974433
191078
438255
634962
399237
822951
683514
942940
837263
255194
518713
852388
407003
251274
477978
731755
874814
927366
52985
906402
422918
453826
544018
788115
675761
876871
821938
822438
14484
637683
660553
693511
878641
832153
225267
232849
720930
270856
267424
993105
731653
789273
349451
21933
942698
63907
528916
216147
984622
60462
790291
583035
230350
442132
340950
972551
32636
695571
379304
829672
273165
805426
154278
209246
536020
969062
23317
991455
696381
339624
257512
357653
374821
174350
299826
270567
636988
838673
685243
363279
980020
348470
23555
837474
140054
245866
641058
995224
590284
54602
113133
6264
302178
643066
993420
409847
276722
436542
528534
750374
93236
831615
626037
254977
874165
291555
396190
309924
560820
215314
804820
292163
339812
864536
601662
856191
498723
110493
18919
739704
55984
101035
591800
820009
162009
764276
65183
541549
538801
647550
646698
848036
61946
457469
268651
495608
402595
852105
174272
454446
941812
126906
361322
194875
37661
346420
66207
479901
318406
549946
602330
156684
36966
69342
654940
400195
662409
950706
218963
933694
272662
562012
338008
735240
75982
786230
150414
244629
546400
215038
280132
403563
822524
784083
731043
893844
563229
160376
845343
321597
780544
632758
714127
547129
717081
508920
385318
108140
832137
867158
134058
417705
702292
268305
827490
755785
246420
360565
748957
454040
415303
558395
607067
409730
262857
448344
521141
284092
77522
982153
343958
599123
423714
668137
525601
507031
223771
578959
689980
474093
473315
962246
261617
600898
735914
595556
845996
934085
377009
555417
911538
28041
429350
6683
351077
482740
833163
749427
730646
5639
820849
83091
933575
209673
69950
911475
533353
636653
43997
464075
216457
8455
643792
210635
743853
902094
370331
440258
183392
144839
22131
562798
620550
935310
473224
447195
300095
58617
505342
743356
989734
106099
267225
83142
409898
59015
700774
458500
536013
259395
856329
187515
784002
233710
142063
994672
896448
261236
64983
548721
30805
259090
826657
26893
656763
176446
646484
826899
387625
809826
69270
754377
318892
344080
444389
224655
636570
915983
292543
945546
12497
485241
370915
5036
854661
354609
963626
5491
829468
970042
81823
47685
643465
462258
569413
592366
569749
858184
298703
383274
45322
813980
322842
511032
670695
395473
250061
356253
513474
895531
815980
290165
440371
542653
288903
289915
497968
506033
927859
905507
12851
640284
138759
733789
133492
779261
512490
409531
580951
42895
698517
143413
711540
826247
391582
667594
935812
296721
404741
118172
463954
730006
44741
277701
369423
689713
816297
819924
188342
815339
175370
741546
403879
892363
353277
930118
182061
257338
939751
280597
482090
651430
910123
510085
742381
91074
781376
465653
524648
160714
596278
790618
589635
116370
139861
565768
616576
495314
661383
380049
277200
543882
197017
732232
434577
333222
408411
590979
971768
886641
202204
992395
518684
404488
691656
548286
74030
491478
149551
426545
380432
907561
459888
996847
456815
656937
848283
227931
609176
272419
27678
158352
292687
144109
497285
462429
306320
539283
83089
290216
512230
509295
312875
109437
34426
616363
219322
552035
736323
347862
158815
819269
91007
754695
120070
62312
774016
115761
363021
87781
709565
731633
846282
909590
317724
157294
30159
740081
157993
438545
348179
343048
411854
206293
520867
177100
176121
995801
898792
850394
922887
11857
725243
44495
838333
590976
307230
92730
61430
187720
215728
126702
515875
960842
972683
203767
659527
180168
405432
106731
368847
527982
192504
392952
198576
374710
24849
339417
543786
811009
733824
40292
780516
555311
955921
544218
317001
538320
357248
313281
413624
833373
654319
665592
107503
856633
202951
495459
447796
207052
482568
967476
813099
58376
250167
915380
926086
135561
957678
892922
744872
494670
752350
433745
449009
525668
479053
523746
713181
916121
496511
456205
485297
677838
414814
652738
317764
788894
326748
499058
830535
80381
282429
424167
731494
869521
5617
715491
6488
816082
283354
461825
73762
469548
270390
168395
559167
825992
596033
930356
910965
134681
379649
865242
817802
334480
662643
399304
823245
244115
621107
336489
865700
806722
185390
442925
683110
175365
186980
374938
301312
389532
114033
969503
281427
611741
753517
45390
136427
374003
203632
250921
20687
465618
538612
466655
294593
248420
525456
464289
703483
922012
1656
588825
74920
484569
285994
924573
581565
170737
23120
65235
175287
337228
424964
893890
649764
886261
179598
927224
837665
67214
748452
433018
6781
669687
545962
348680
956135
481123
245014
578624
197132
958475
969369
96887
206911
136858
122442
924998
889725
188362
480725
884127
466560
72226
474602
717590
908512
590126
192961
971969
535563
811736
837022
808633
663749
645661
137824
568334
85616
633075
60797
414640
631003
959712
435524
542889
149201
485064
624217
323012
623781
85127
359793
571836
666572
842259
466710
429038
735304
133726
573562
608533
252710
972742
901442
22766
262661
210132
432841
512934
735196
955463
437953
987882
17914
177238
919072
43504
500204
28131
733367
680349
179220
264460
739363
400962
800547
794637
108103
421285
202222
775466
587016
922691
87788
953843
814446
365141
28339
420109
345599
696117
995968
982719
211937
965327
300760
755227
175261
571947
632037
154884
850163
739589
284169
538293
299626
668671
357130
22908
978501
160915
971237
223325
686193
36491
874833
576715
201089
74196
787956
875872
461826
126824
559563
375587
527163
438709
846397
838877
439599
116916
886402
508758
995702
878912
492057
809688
472246
52700
63195
748669
732363
263620
540176
345498
284428
764000
697613
539332
938245
909547
844586
489473
230048
809708
201535
720917
368849
3939
415581
56489
616488
776072
114243
930178
849327
368935
436309
500083
916695
196171
151527
66311
193645
196795
322434
678800
629147
102786
176705
526218
973590
57815
576072
509409
147119
889734
419038
303498
983477
943753
908389
307539
928929
324897
115391
553183
567764
24904
197151
491386
558932
82482
113984
565527
600273
697105
128182
492194
671205
43208
218008
786192
748549
278499
88056
94512
518697
907403
36488
266578
570819
173491
301708
406140
388098
31646
398472
782507
85916
309944
263315
366648
677167
606901
690614
134873
690648
431808
218631
908679
651777
173857
152866
685428
970430
439555
252403
896371
748023
571589
882098
701169
407753
177203
265977
617593
789973
588130
370925
473580
846182
511690
439011
742270
171608
668783
698637
924399
95295
72674
76878
235380
819852
161504
167069
737527
117247
30399
411101
257184
403561
784715
32388
876209
150809
264728
794353
436520
842119
462004
601316
777697
486096
298557
418241
900429
94685
372242
50565
14388
384393
205001
660566
788891
126922
265180
657991
244753
190873
497442
724312
709467
532709
375474
630043
344947
809923
437724
147916
360901
68487
461278
283943
385818
341313
362735
667632
229722
213511
500852
275231
843
345478
831080
720471
192159
887975
621295
413951
306539
787364
874040
819360
398976
773190
880980
998069
766558
471345
656605
697940
291050
569718
565401
753253
637884
477678
546069
414173
843466
454272
389838
474248
190373
983416
945090
392380
544022
718430
232704
142900
826954
578707
273828
541432
258292
40373
473700
894812
857252
701323
684866
133694
635469
737297
973032
158607
735767
595011
214119
290374
65454
421297
773509
125975
214432
915072
911467
191908
798441
739926
403056
60202
457226
748473
370093
445334
119355
990471
568169
779474
200159
808417
649855
168706
783573
772820
374771
778737
885193
837750
620544
45922
702329
676409
129967
485746
686322
316744
810492
406588
700631
27004
324095
880598
483903
985431
748146
237364
474658
460183
186748
235988
695376
471812
621642
452115
662236
476694
638555
364827
200997
372281
421167
417418
564593
992679
532545
105167
535503
66765
351868
545918
20672
416577
371729
670424
403752
984838
368971
82311
761836
146747
85515
321274
127167
981232
672555
441791
88861
719163
349618
171657
798349
107056
47895
656228
49682
401448
484332
381294
968632
29090
412539
938662
945307
519274
697487
477610
248199
10208
81616
192944
374731
191959
625786
953219
964895
992743
952272
884928
705521
606830
16772
747520
64456
629330
65547
774611
285576
93474
340675
820387
939494
222846
352570
227317
583616
968569
802763
953447
702645
748996
61620
313452
848973
834275
192496
762941
782
310560
216658
18183
566550
541523
356024
988775
175470
124613
220662
21597
704475
587790
263626
950736
833522
511978
858413
92493
503880
645925
122068
393135
256353
978321
313425
42215
979390
63959
335959
462112
81907
806623
658410
541091
482730
803307
748358
717694
199118
911791
817894
320319
491907
52784
466416
443405
933059
550523
108136
978934
72845
433044
118982
481234
470003
526550
703866
619117
146388
857575
109332
271585
504571
106192
809801
208376
310274
194384
930134
771736
39545
211801
130755
310719
95013
695083
427675
643504
630743
228856
89677
558680
383530
822547
515400
418913
720777
910839
307866
830052
248148
928158
433798
448235
49090
374415
278738
271561
245736
666655
264481
205053
875361
799085
278763
123618
507888
187775
305121
180878
975919
923213
548846
422724
373016
343961
815406
978282
878827
256565
958901
873592
206393
44949
715973
934657
640215
192654
821557
317012
473957
86728
968366
863774
939261
80298
74555
643899
266937
776483
4786
812100
743763
83171
135403
505466
382957
495858
711446
925533
953263
965374
75856
128118
31610
259933
763299
870407
356689
895038
330853
987848
592810
547640
902618
332870
546736
320813
456575
491579
396502
633391
797695
199333
238624
145732
427896
876952
481115
754571
180535
868933
978568
994400
668399
205516
722029
883711
410321
93835
426676
360597
120919
598599
382346
117109
778454
768900
115816
750224
899038
182214
383895
197598
54756
40848
857564
525717
765237
630781
328269
917972
439366
296578
676289
976984
764761
898970
549102
928880
258734
995018
68834
208575
529862
213156
146090
488053
122258
610365
101895
977275
541824
224899
648728
33844
256557
352290
643791
363708
345894
110057
226625
782168
927149
681670
455454
977607
367116
791906
231909
448571
855161
742776
417727
512495
494420
301360
50881
197147
718720
864791
375612
220571
978878
958078
481203
40484
457069
966865
172202
372142
851264
85854
930774
597708
680095
270924
547567
